BusName = Cazino
PlayName = *** INV_PL_ID
Cost = 100000
Minute = 30
Income = 10000
Day = 0
BusVW = 0
BusInt = 0
CordX = 2196.405517
CordY = 1679.457519
CordZ = 12.367187