BusName = Four dragons
PlayName = *** INV_PL_ID
Cost = 100000
Minute = 30
Income = 10000
Day = 0
BusVW = 0
BusInt = 0
CordX = 2020.627807
CordY = 1004.962158
CordZ = 10.820312