BusName = Пятёрочка
PlayName = *** INV_PL_ID
Cost = 1000000
Minute = 15
Income = 10000
Day = 0
BusVW = 0
BusInt = 0
CordX = 2085.665527
CordY = 2090.253173
CordZ = 11.057899