BusName = Cluckin Bell
PlayName = =_[=_W_o_L_f_=]_=
Cost = 100000
Minute = 20
Income = 1000
Day = 0
BusVW = 0
BusInt = 0
CordX = 172.737884
CordY = 1176.718017
CordZ = 14.764543