BusName = King Ring
PlayName = *** INV_PL_ID
Cost = 100000
Minute = 25
Income = 10000
Day = 0
BusVW = 0
BusInt = 0
CordX = -144.152832
CordY = 1225.013305
CordZ = 19.899219