Gang TDReg = 14:09 - 03/04/2020
Gang head = TXD.rpeIIIHuK.bw
Gang name = 
Gang color = A0A0A0FF
SpawnX = 0.000000
SpawnY = 0.000000
SpawnZ = 0.000000
GInter = 0
GWorld = 0
Skin1 = 500
Skin2 = 500
Skin3 = 500
Skin4 = 500
Skin5 = 500
Skin6 = 500
Players = 1