Gang TDReg = 14:06 - 24/04/2020
Gang head = TXD.pe4enbka.bw
Gang name = {00FFFF}[]_[_{33FF99}Emerald Squad{00FFFF}_]_[
Gang color = 00FFFFFF
SpawnX = 0.000000
SpawnY = 0.000000
SpawnZ = 0.000000
GInter = 0
GWorld = 0
Skin1 = 500
Skin2 = 500
Skin3 = 500
Skin4 = 500
Skin5 = 500
Skin6 = 500
Players = 1