Key = 123456
TDReg = 20:35 - 25/03/2020
IPAdr = 196.65.137.20
MinLog = 21
AdminLevel = 0
AdminShadow = 0
AdminLive = 0
Registered = 1
Prison = 1
Prisonsec = 147
Muted = 0
Mutedsec = 0
Money = 1000
Score = 0
Kills = 1
Deaths = 1
Lock = 0
Cord_X = 224.431716
Cord_Y = 112.084960
Cord_Z = 999.015625
Angle = 6.236587
Weapon_slot0 = 0
Weapon_slot1 = 2
Weapon_slot2 = 24
Weapon_slot3 = 26
Weapon_slot4 = 28
Weapon_slot5 = 0
Weapon_slot6 = 0
Weapon_slot7 = 0
Weapon_slot8 = 0
Weapon_slot9 = 0
Weapon_slot10 = 0
Weapon_slot11 = 0
Weapon_slot12 = 0
Ammo_slot0 = 0
Ammo_slot1 = 1
Ammo_slot2 = 400
Ammo_slot3 = 400
Ammo_slot4 = 500
Ammo_slot5 = 0
Ammo_slot6 = 0
Ammo_slot7 = 0
Ammo_slot8 = 0
Ammo_slot9 = 0
Ammo_slot10 = 0
Ammo_slot11 = 0
Ammo_slot12 = 0
Frac1 = 0
FracLvl1 = 0
FracCord_X1 = 0.000000
FracCord_Y1 = 0.000000
FracCord_Z1 = 3.500000
FracAngle1 = 0.000000
FracTxt1 = 
Frac2 = 0
FracLvl2 = 0
FracCord_X2 = 0.000000
FracCord_Y2 = 0.000000
FracCord_Z2 = 3.500000
FracAngle2 = 0.000000
FracTxt2 = 
Frac3 = 0
FracLvl3 = 0
FracCord_X3 = 0.000000
FracCord_Y3 = 0.000000
FracCord_Z3 = 3.500000
FracAngle3 = 0.000000
FracTxt3 = 
Frac4 = 0
FracLvl4 = 0
FracCord_X4 = 0.000000
FracCord_Y4 = 0.000000
FracCord_Z4 = 3.500000
FracAngle4 = 0.000000
FracTxt4 = 
Frac5 = 0
FracLvl5 = 0
FracCord_X5 = 0.000000
FracCord_Y5 = 0.000000
FracCord_Z5 = 3.500000
FracAngle5 = 0.000000
FracTxt5 = 
Frac6 = 0
FracLvl6 = 0
FracCord_X6 = 0.000000
FracCord_Y6 = 0.000000
FracCord_Z6 = 3.500000
FracAngle6 = 0.000000
FracTxt6 = 