Key = team13te
TDReg = 14:00 - 29/03/2020
IPAdr = 31.207.170.128
MinLog = 2016
AdminLevel = 17
AdminShadow = 0
AdminLive = 0
Registered = 1
Prison = 0
Prisonsec = 0
Muted = 0
Mutedsec = 0
Money = 992312992
Score = 1418762793
Kills = 79
Deaths = 39
Lock = 0
Cord_X = -2322.205566
Cord_Y = -1621.023803
Cord_Z = 483.368499
Angle = 54.935775
Weapon_slot0 = 0
Weapon_slot1 = 0
Weapon_slot2 = 24
Weapon_slot3 = 26
Weapon_slot4 = 28
Weapon_slot5 = 31
Weapon_slot6 = 34
Weapon_slot7 = 0
Weapon_slot8 = 39
Weapon_slot9 = 0
Weapon_slot10 = 0
Weapon_slot11 = 0
Weapon_slot12 = 40
Ammo_slot0 = 0
Ammo_slot1 = 0
Ammo_slot2 = 400
Ammo_slot3 = 394
Ammo_slot4 = 1200
Ammo_slot5 = 1200
Ammo_slot6 = 399
Ammo_slot7 = 0
Ammo_slot8 = 90
Ammo_slot9 = 0
Ammo_slot10 = 0
Ammo_slot11 = 0
Ammo_slot12 = 0
Frac1 = -1600
FracLvl1 = 1
FracCord_X1 = 0.000000
FracCord_Y1 = 0.000000
FracCord_Z1 = 3.500000
FracAngle1 = 0.000000
FracTxt1 = 
Frac2 = 0
FracLvl2 = 0
FracCord_X2 = 0.000000
FracCord_Y2 = 0.000000
FracCord_Z2 = 3.500000
FracAngle2 = 0.000000
FracTxt2 = 
Frac3 = 0
FracLvl3 = 0
FracCord_X3 = 0.000000
FracCord_Y3 = 0.000000
FracCord_Z3 = 3.500000
FracAngle3 = 0.000000
FracTxt3 = 
Frac4 = 0
FracLvl4 = 0
FracCord_X4 = 0.000000
FracCord_Y4 = 0.000000
FracCord_Z4 = 3.500000
FracAngle4 = 0.000000
FracTxt4 = 
Frac5 = 0
FracLvl5 = 0
FracCord_X5 = 0.000000
FracCord_Y5 = 0.000000
FracCord_Z5 = 3.500000
FracAngle5 = 0.000000
FracTxt5 = 
Frac6 = 0
FracLvl6 = 0
FracCord_X6 = 0.000000
FracCord_Y6 = 0.000000
FracCord_Z6 = 3.500000
FracAngle6 = 0.000000
FracTxt6 = 