Key = Igarion13370371228
TDReg = 22:09 - 11/05/2020
IPAdr = 31.207.170.128
MinLog = 0
AdminLevel = 0
pHelpr = 0
AdminShadow = 0
AdminLive = 0
Registered = 1
Prison = 0
Prisonsec = 0
Muted = 0
Mutedsec = 0
Money = 1000
Score = 0
Kills = 0
Deaths = 0
Lock = 0
Cord_X = 1777.179931
Cord_Y = -1891.619262
Cord_Z = 13.387249
Angle = 267.370849
Weapon_slot0 = 0
Weapon_slot1 = 5
Weapon_slot2 = 24
Weapon_slot3 = 0
Weapon_slot4 = 28
Weapon_slot5 = 31
Weapon_slot6 = 0
Weapon_slot7 = 0
Weapon_slot8 = 17
Weapon_slot9 = 43
Weapon_slot10 = 0
Weapon_slot11 = 46
Weapon_slot12 = 0
Ammo_slot0 = 0
Ammo_slot1 = 1
Ammo_slot2 = 400
Ammo_slot3 = 0
Ammo_slot4 = 1000
Ammo_slot5 = 1000
Ammo_slot6 = 0
Ammo_slot7 = 0
Ammo_slot8 = 20
Ammo_slot9 = 117
Ammo_slot10 = 0
Ammo_slot11 = 1
Ammo_slot12 = 0
Frac1 = 0
FracLvl1 = 0
FracCord_X1 = 0.000000
FracCord_Y1 = 0.000000
FracCord_Z1 = 3.500000
FracAngle1 = 0.000000
FracTxt1 = 
Frac2 = 0
FracLvl2 = 0
FracCord_X2 = 0.000000
FracCord_Y2 = 0.000000
FracCord_Z2 = 3.500000
FracAngle2 = 0.000000
FracTxt2 = 
Frac3 = 0
FracLvl3 = 0
FracCord_X3 = 0.000000
FracCord_Y3 = 0.000000
FracCord_Z3 = 3.500000
FracAngle3 = 0.000000
FracTxt3 = 
Frac4 = 0
FracLvl4 = 0
FracCord_X4 = 0.000000
FracCord_Y4 = 0.000000
FracCord_Z4 = 3.500000
FracAngle4 = 0.000000
FracTxt4 = 
Frac5 = 0
FracLvl5 = 0
FracCord_X5 = 0.000000
FracCord_Y5 = 0.000000
FracCord_Z5 = 3.500000
FracAngle5 = 0.000000
FracTxt5 = 
Frac6 = 0
FracLvl6 = 0
FracCord_X6 = 0.000000
FracCord_Y6 = 0.000000
FracCord_Z6 = 3.500000
FracAngle6 = 0.000000
FracTxt6 = 