Key=9002557
TDReg=17:42 - 17/02/2020
IPAdr=176.59.145.175
MinLog=61
AdminLevel=17
AdminShadow=0
AdminLive=1
AdminScanCom=0
Registered=1
Prison=0
Prisonsec=0
Muted=0
Mutedsec=0
Money=90839
Kills=0
Deaths=0
VIP=0
Deport=0
RecPM=1
Wanted=0
Lock=0
Gang=0
GangLvl=0
FragSlvl=0
FragTlvl=0
FragBlvl=0
Score = 100003
Cord_X = 2210.061523
Cord_Y = -1518.719604
Cord_Z = 23.559606
Angle = 75.249877
Weapon_slot0 = 0
Weapon_slot1 = 0
Weapon_slot2 = 24
Weapon_slot3 = 0
Weapon_slot4 = 0
Weapon_slot5 = 0
Weapon_slot6 = 0
Weapon_slot7 = 0
Weapon_slot8 = 0
Weapon_slot9 = 0
Weapon_slot10 = 0
Weapon_slot11 = 0
Weapon_slot12 = 0
Ammo_slot0 = 0
Ammo_slot1 = 0
Ammo_slot2 = 0
Ammo_slot3 = 0
Ammo_slot4 = 0
Ammo_slot5 = 0
Ammo_slot6 = 0
Ammo_slot7 = 0
Ammo_slot8 = 0
Ammo_slot9 = 0
Ammo_slot10 = 0
Ammo_slot11 = 0
Ammo_slot12 = 0
Frac1 = 0
FracLvl1 = 0
FracCord_X1 = 0.000000
FracCord_Y1 = 0.000000
FracCord_Z1 = 0.000000
FracAngle1 = 0.000000
FracTxt1 = 176.59.145.175
Frac2 = 0
FracLvl2 = 0
FracCord_X2 = 0.000000
FracCord_Y2 = 0.000000
FracCord_Z2 = 0.000000
FracAngle2 = 0.000000
FracTxt2 = 176.59.145.175
Frac3 = 0
FracLvl3 = 0
FracCord_X3 = 0.000000
FracCord_Y3 = 0.000000
FracCord_Z3 = 0.000000
FracAngle3 = 0.000000
FracTxt3 = 176.59.145.175
Frac4 = 0
FracLvl4 = 0
FracCord_X4 = 0.000000
FracCord_Y4 = 0.000000
FracCord_Z4 = 0.000000
FracAngle4 = 0.000000
FracTxt4 = 176.59.145.175
Frac5 = 0
FracLvl5 = 0
FracCord_X5 = 0.000000
FracCord_Y5 = 0.000000
FracCord_Z5 = 0.000000
FracAngle5 = 0.000000
FracTxt5 = 176.59.145.175
Frac6 = 0
FracLvl6 = 0
FracCord_X6 = 0.000000
FracCord_Y6 = 0.000000
FracCord_Z6 = 0.000000
FracAngle6 = 0.000000
FracTxt6 = 176.59.145.175