Key = DmitryMaleev07052008
TDReg = 23:19 - 29/03/2020
IPAdr = 176.109.201.193
MinLog = 289
AdminLevel = 0
AdminShadow = 0
AdminLive = 0
Registered = 1
Prison = 0
Prisonsec = 0
Muted = 0
Mutedsec = 0
Money = 348586331
Score = 790
Kills = 7
Deaths = 2
Lock = 1
Cord_X = -2092.779296
Cord_Y = 1354.416015
Cord_Z = 7.101562
Angle = 343.634460
Weapon_slot0 = 0
Weapon_slot1 = 9
Weapon_slot2 = 24
Weapon_slot3 = 25
Weapon_slot4 = 0
Weapon_slot5 = 31
Weapon_slot6 = 0
Weapon_slot7 = 0
Weapon_slot8 = 0
Weapon_slot9 = 43
Weapon_slot10 = 0
Weapon_slot11 = 0
Weapon_slot12 = 0
Ammo_slot0 = 0
Ammo_slot1 = 1
Ammo_slot2 = 42
Ammo_slot3 = 100
Ammo_slot4 = 0
Ammo_slot5 = 300
Ammo_slot6 = 0
Ammo_slot7 = 0
Ammo_slot8 = 0
Ammo_slot9 = 985
Ammo_slot10 = 0
Ammo_slot11 = 0
Ammo_slot12 = 0
Frac1 = 6
FracLvl1 = 6
FracCord_X1 = 0.000000
FracCord_Y1 = 0.000000
FracCord_Z1 = 3.500000
FracAngle1 = 0.000000
FracTxt1 = 
Frac2 = 0
FracLvl2 = 0
FracCord_X2 = 0.000000
FracCord_Y2 = 0.000000
FracCord_Z2 = 3.500000
FracAngle2 = 0.000000
FracTxt2 = 
Frac3 = 0
FracLvl3 = 0
FracCord_X3 = 0.000000
FracCord_Y3 = 0.000000
FracCord_Z3 = 3.500000
FracAngle3 = 0.000000
FracTxt3 = 
Frac4 = 0
FracLvl4 = 0
FracCord_X4 = 0.000000
FracCord_Y4 = 0.000000
FracCord_Z4 = 3.500000
FracAngle4 = 0.000000
FracTxt4 = 
Frac5 = 0
FracLvl5 = 0
FracCord_X5 = 0.000000
FracCord_Y5 = 0.000000
FracCord_Z5 = 3.500000
FracAngle5 = 0.000000
FracTxt5 = 
Frac6 = 0
FracLvl6 = 0
FracCord_X6 = 0.000000
FracCord_Y6 = 0.000000
FracCord_Z6 = 3.500000
FracAngle6 = 0.000000
FracTxt6 = 